mTW 65.66095733642578 100.42504119873047
maxDijetDelR 4.211777687072754 3.2661314010620117
dEtaFwdJetBJet 1.1016314029693604 3.246189832687378
dEtaFwdJetClosestLep 0.09512853622436523 2.626587152481079
mHT 444.6802978515625 886.742431640625
Mass_3l 195.57594299316406 525.0462417602538
forwardJetAbsEta 2.7317731380462646 1.8851114511489868
jPrimeAbsEta 1.953502893447876 2.3506367087364177
maxDeepCSV 0.9732158184051514 0.4257132411003113
delRljPrime 3.0574536323547363 2.37302827835083
delRbjPrime 3.1464545726776123 2.377540349960327
lAsymmetry 0.293313205242157 2.151190221309662
maxDijetMass 475.72705078125 1715.012451171875
maxDijetDelPhi 2.719431161880493 2.378809690475464
maxDelPhiLL 2.7181285619735718 1.632951021194458
njets 3.0 3.0
nbjets 1.0 1.0
cosThetaStar -0.557623028755188 1.3970632553100586
leptonPt[0] 94.17042541503906 357.51734924316406
leptonPt[1] 55.783042907714844 168.2248764038086
leptonPt[2] 32.74217987060547 88.77493286132812
leptonEta[0] 0.004315515980124474 2.052154680714011
leptonEta[1] 0.019910252653062344 2.021587765775621
leptonEta[2] 0.03169982507824898 2.102803397923708
leptonPhi[0] 0.025067893788218498 2.9776315849274386
leptonPhi[1] 0.03074393793940544 2.9967216067016125
leptonPhi[2] -0.04170752130448818 3.0041363295167685
jetPt[0] 115.20269775390625 336.7287292480469
jetEta[0] -0.04018355533480644 3.5215835936367466
jetPhi[0] -0.07822242379188538 3.057002693414688
jetPt[1] 64.18467712402344 145.62049865722656
jetEta[1] 0.048523932695388794 4.045125752687454
jetPhi[1] 0.011899370700120926 2.996682543307543
recoZ_Pt 94.46360397338867 492.5470161437988
recoZ_Eta -0.021065594628453255 2.637419579550624
recoZ_Phi 0.06075768545269966 3.03590564802289
recoTop_Pt 129.59176635742188 418.5451965332031
recoTop_Eta 0.060337238013744354 2.8352684304118156
recoTop_Phi -0.10653289407491684 3.082044409215443
ctZ 4.521838032770134 14.521838032770134
MYINPUT -1 -1 
likelihood_ratio/BiasAdd -2 -2 
1 -3 -3 
